{
    "poses": [
        {
            "frame": "5",
            "pose": {
                "rotation": [
                    [
                        "0.99629341527692128",
                        "-0.021306010961354739",
                        "-0.083339573869574468"
                    ],
                    [
                        "0.021469584556006904",
                        "0.99976893259857358",
                        "0.0010669347224244836"
                    ],
                    [
                        "0.083297584687913512",
                        "-0.0028522460665362432",
                        "0.99652063555028125"
                    ]
                ],
                "translation": [
                    [
                        "35.925367691965171",
                        "15.88433252134816",
                        "-271.04049188884625"
                    ]
                ]
            }
        },
        {
            "frame": "3",
            "pose": {
                "rotation": [
                    [
                        "0.89797518680193011",
                        "-0.078592407599230793",
                        "0.43297089666142358"
                    ],
                    [
                        "-0.045545203006780693",
                        "0.96203803937275323",
                        "0.26908817380721251"
                    ],
                    [
                        "-0.43768275996560735",
                        "-0.26135425052519407",
                        "0.8603067809574102"
                    ]
                ],
                "translation": [
                    [
                        "211.60675970692412",
                        "99.583559411951725",
                        "-272.67173882987487"
                    ]
                ]
            }
        },
        {
            "frame": "2",
            "pose": {
                "rotation": [
                    [
                        "0.57967151665607797",
                        "0.029737447129080566",
                        "-0.8143074462485822"
                    ],
                    [
                        "-0.0075451358836647157",
                        "0.99948689987044159",
                        "0.031128891915238609"
                    ],
                    [
                        "0.81481531876992808",
                        "-0.011900471655303946",
                        "0.57959846020520212"
                    ]
                ],
                "translation": [
                    [
                        "-191.31053458703829",
                        "30.614438280535129",
                        "-175.56508978574516"
                    ]
                ]
            }
        },
        {
            "frame": "0",
            "pose": {
                "rotation": [
                    [
                        "0.99827125053158472",
                        "-0.0091369728996088129",
                        "-0.058060538133390162"
                    ],
                    [
                        "0.0078483841786548981",
                        "0.99971865597548215",
                        "-0.022383291991152302"
                    ],
                    [
                        "0.05824871868025315",
                        "0.021888915478130811",
                        "0.99806210335394474"
                    ]
                ],
                "translation": [
                    [
                        "33.568237064501091",
                        "19.398222936927883",
                        "-362.52273532518279"
                    ]
                ]
            }
        },
        {
            "frame": "1",
            "pose": {
                "rotation": [
                    [
                        "0.78779836332505426",
                        "-0.084122865921931564",
                        "0.6101615213789261"
                    ],
                    [
                        "0.087414452140332027",
                        "0.99587224819166298",
                        "0.024437242861845565"
                    ],
                    [
                        "-0.6096986569604439",
                        "0.034085315177711441",
                        "0.79190008144327506"
                    ]
                ],
                "translation": [
                    [
                        "206.94649514214936",
                        "8.5397747645926021",
                        "-190.05577893308688"
                    ]
                ]
            }
        },
        {
            "frame": "6",
            "pose": {
                "rotation": [
                    [
                        "0.73705972536097086",
                        "0.00066796216308723255",
                        "-0.67582728198657194"
                    ],
                    [
                        "-0.01552347857544596",
                        "0.99975240893776851",
                        "-0.015941845440405642"
                    ],
                    [
                        "0.67564930464237583",
                        "0.022241282554672861",
                        "0.73688760505696871"
                    ]
                ],
                "translation": [
                    [
                        "-159.43255504002519",
                        "7.1210532631363925",
                        "-232.31024001322825"
                    ]
                ]
            }
        },
        {
            "frame": "7",
            "pose": {
                "rotation": [
                    [
                        "0.99727008461138311",
                        "-0.023357169299181385",
                        "-0.070048704352995275"
                    ],
                    [
                        "0.022714380333218778",
                        "0.99969239068430016",
                        "-0.009958962495532445"
                    ],
                    [
                        "0.070259769892035903",
                        "0.0083406624580380385",
                        "0.99749385867005669"
                    ]
                ],
                "translation": [
                    [
                        "29.306828367052379",
                        "19.402682090824872",
                        "-292.34857689348763"
                    ]
                ]
            }
        },
        {
            "frame": "8",
            "pose": {
                "rotation": [
                    [
                        "0.99799454691505196",
                        "-0.0086524601399689399",
                        "-0.062705815211560587"
                    ],
                    [
                        "0.0077208139103197059",
                        "0.99985641272686565",
                        "-0.015084527222482165"
                    ],
                    [
                        "0.062827329725067493",
                        "0.014570135980485562",
                        "0.99791805163406433"
                    ]
                ],
                "translation": [
                    [
                        "35.552120799184017",
                        "21.87068499589196",
                        "-336.35030859602307"
                    ]
                ]
            }
        },
        {
            "frame": "9",
            "pose": {
                "rotation": [
                    [
                        "0.88459223738232318",
                        "-0.43479020234241994",
                        "-0.16868329351175473"
                    ],
                    [
                        "0.42401701204731884",
                        "0.90041459101058086",
                        "-0.097278660505338732"
                    ],
                    [
                        "0.19418070722242034",
                        "0.014527361848817972",
                        "0.98085820009842106"
                    ]
                ],
                "translation": [
                    [
                        "-16.009945286758303",
                        "12.512396844163533",
                        "-322.35568749941456"
                    ]
                ]
            }
        },
        {
            "frame": "14",
            "pose": {
                "rotation": [
                    [
                        "0.9997916638634694",
                        "-0.0066377239213771654",
                        "-0.019302059223286733"
                    ],
                    [
                        "0.0064461295625635393",
                        "0.9999295063740794",
                        "-0.0099714440355112652"
                    ],
                    [
                        "0.019366886243749593",
                        "0.0098449430488077617",
                        "0.99976397255231619"
                    ]
                ],
                "translation": [
                    [
                        "66.871145219892696",
                        "23.665717026924455",
                        "-338.07067370234756"
                    ]
                ]
            }
        },
        {
            "frame": "15",
            "pose": {
                "rotation": [
                    [
                        "0.99677649068734886",
                        "-0.031579503152485131",
                        "-0.073752034505203068"
                    ],
                    [
                        "0.03129146505160852",
                        "0.99949750416958405",
                        "-0.0050580009584678016"
                    ],
                    [
                        "0.073874703572592737",
                        "0.0027338872350701621",
                        "0.9972637835761643"
                    ]
                ],
                "translation": [
                    [
                        "35.668664013977875",
                        "25.19207770006771",
                        "-238.76354312099912"
                    ]
                ]
            }
        },
        {
            "frame": "13",
            "pose": {
                "rotation": [
                    [
                        "0.99456913880429998",
                        "-0.010076999511929842",
                        "-0.10358900626471375"
                    ],
                    [
                        "0.008279424044940949",
                        "0.9998078503444936",
                        "-0.017768329325111128"
                    ],
                    [
                        "0.10374815311878266",
                        "0.016814174685607312",
                        "0.99446146443896088"
                    ]
                ],
                "translation": [
                    [
                        "21.805902728015123",
                        "21.06810918020156",
                        "-336.28112399499599"
                    ]
                ]
            }
        },
        {
            "frame": "12",
            "pose": {
                "rotation": [
                    [
                        "0.78846511947934261",
                        "-0.059798272401088606",
                        "-0.61216576348426244"
                    ],
                    [
                        "0.34616858997080513",
                        "0.86581698435453214",
                        "0.36128694540607081"
                    ],
                    [
                        "0.50841918008868503",
                        "-0.4967747137496733",
                        "0.70336677565611472"
                    ]
                ],
                "translation": [
                    [
                        "-91.111805014171154",
                        "154.58506302006876",
                        "-181.11185056890466"
                    ]
                ]
            }
        },
        {
            "frame": "11",
            "pose": {
                "rotation": [
                    [
                        "0.86459179814145681",
                        "-0.0017068704996322053",
                        "-0.50247199840351409"
                    ],
                    [
                        "-0.13988589308082772",
                        "0.95964384789515123",
                        "-0.24395823846299486"
                    ],
                    [
                        "0.48261056712788952",
                        "0.28121303630892686",
                        "0.82946143292284047"
                    ]
                ],
                "translation": [
                    [
                        "-117.29298157435119",
                        "-67.741365774232889",
                        "-266.5345624639948"
                    ]
                ]
            }
        },
        {
            "frame": "10",
            "pose": {
                "rotation": [
                    [
                        "0.95328020099052124",
                        "-0.059636962504662834",
                        "0.29614234939077189"
                    ],
                    [
                        "0.059485853163836526",
                        "0.99818366568755135",
                        "0.0095290517856222966"
                    ],
                    [
                        "-0.2961727395842485",
                        "0.008532423910005851",
                        "0.95509628104677557"
                    ]
                ],
                "translation": [
                    [
                        "140.88371245296835",
                        "15.44985626416635",
                        "-260.42457879229636"
                    ]
                ]
            }
        }
    ]
}
